2016  1  0   0.6242441   0.3834949  -0.3942255
2016  1  1   0.7568323   0.4708685  -0.0234534
2016  1  2   0.7838704   0.5438679   0.0515344
2016  1  3   0.8583802   0.6743895   0.4621224
2016  2  0  -0.3799814   0.0356118  -0.2507696
2016  2  1   0.1277666   0.2369312   0.0538775
2016  2  2   0.2093582  -0.1545478   0.2388583
2016  2  3   0.6603246   0.6579609   0.3875621
2015  1  0   0.7549616  -0.1434783  -1.3411559
2015  1  1   0.8443424   0.2492261  -0.137274
2015  1  2   0.8852527   0.4637337   0.3787065
2015  1  3   0.9213708   0.6979164   0.3671241
2015  2  0  -0.0205017  -1.0532308   0.0243691
2015  2  1   0.333158   0.3882227  -0.3862107
2015  2  2   0.5638822   0.3441867   0.4740128
2015  2  3   0.745789   0.5246832   0.2472165
2014  1  0   0.7861421  -0.1240667  -0.1327886
2014  1  1   0.8606442   0.0070486   0.3650635
2014  1  2   0.8864109   0.1116607   0.6346736
2014  1  3   0.9011157   0.4494381   0.6892403
2014  2  0   0.1376642  -0.5120971  -0.7179578
2014  2  1   0.4474565   0.2856765   0.1953401
2014  2  2   0.6581098   0.4097112   0.3482478
2014  2  3   0.7742308   0.3797715   0.7601691
2013  1  0   0.7337849  -0.3355309  -0.9761304
2013  1  1   0.8133244   0.2942412   0.2348978
2013  1  2   0.8466291   0.6027768   0.4048433
2013  1  3   0.8899501   0.528358   0.4175602
2013  2  0  -0.053683   0.3084881  -1.1661014
2013  2  1   0.3715747   0.525711  -0.069135
2013  2  2   0.5842568   0.6806032   0.2613626
2013  2  3   0.6858302   0.7127185   0.2977218
2012  1  0   0.6966049  -1.2183303  -2.3467589
2012  1  1   0.7644466  -0.2448217  -0.6378188
2012  1  2   0.8798335  -0.1485787  -0.5858674
2012  1  3   0.8425507   0.0613242   0.2917126
2012  2  0  -0.0598847  -0.7525911  -0.9889345
2012  2  1   0.3268777  -0.2082764   0.1306656
2012  2  2   0.3688842   0.0954947   0.1229706
2012  2  3   0.6035943   0.3956973   0.2283915
2011  1  0   0.7053547  -0.6031718  -3.1053712
2011  1  1   0.8069419   0.1107362  -0.4573176
2011  1  2   0.8723889   0.2351412   0.0627783
2011  1  3   0.8681278   0.0638562   0.0772488
2011  2  0   0.1556889  -0.4934331  -2.8034783
2011  2  1   0.3102604   0.4228066  -0.9127014
2011  2  2   0.6009024   0.5664747  -0.6117373
2011  2  3   0.6220755   0.5680348   0.4143457
2010  1  0   0.7022013  -0.0080135  -0.1197824
2010  1  1   0.8003306   0.2499337   0.0941973
2010  1  2   0.8550598   0.4163381   0.2690287
2010  1  3   0.8928079   0.6328057   0.5504725
2010  2  0   0.4841406  -1.3524729  -0.7088745
2010  2  1   0.68604  -0.5724939   0.1579273
2010  2  2   0.8056285  -0.6618118   0.3686886
2010  2  3   0.8452537  -0.3140572   0.5338541
2009  1  0   0.6733232  -0.4378781  -2.7139926
2009  1  1   0.7757191   0.2202358  -0.3868538
2009  1  2   0.8135714  -0.0542093  -0.0289813
2009  1  3   0.8913708   0.2150488  -0.0791166
2009  2  0   0.3129405  -0.4687855  -1.3447233
2009  2  1   0.5742415   0.0565174  -0.8313691
2009  2  2   0.6204825  -0.0935351   0.294311
2009  2  3   0.6982355   0.2306621  -0.4559398
2008  1  0   0.5450438  -0.9439374  -5.68886
2008  1  1   0.7246251   0.116501  -1.0313544
2008  1  2   0.7984497   0.3035517   0.210937
2008  1  3   0.837926   0.3240985   0.3887755
2008  2  0   0.0798503  -0.7774051  -3.5770834
2008  2  1   0.4240081   0.086162  -0.4685934
2008  2  2   0.6615912   0.3400079  -0.4043199
2008  2  3   0.7319769   0.3809954   0.213925
2007  1  0   0.5648723  -0.1313213  -3.1884389
2007  1  1   0.7205608   0.367182  -0.4511053
2007  1  2   0.7943171   0.5887775  -0.1347032
2007  1  3   0.8016438   0.6135958  -0.1957418
2007  2  0  -0.1054429  -1.5677828  -2.9486488
2007  2  1   0.2836504  -0.1078055  -1.1850932
2007  2  2   0.5417121   0.1447789  -0.3903109
2007  2  3   0.6308924   0.1083413  -0.7269791
2006  1  0   0.5953131  -0.7089018  -0.6164918
2006  1  1   0.711098   0.0342657   0.222323
2006  1  2   0.7735751   0.0462494  -0.0493247
2006  1  3   0.8425309   0.5828122   0.6138934
2006  2  0  -0.2173354  -0.320934   0.0555973
2006  2  1   0.3237282   0.380478  -0.3930482
2006  2  2   0.5394979   0.5082459  -1.0697111
2006  2  3   0.7150414   0.4841889   0.1313281
2005  1  0   0.5361971  -0.1929957  -1.3902798
2005  1  1   0.7224823  -0.0225187  -0.2340025
2005  1  2   0.7739956   0.2506775  -0.2204939
2005  1  3   0.8526671   0.0116883   0.158214
2005  2  0  -0.1925761  -1.5853989  -3.787303
2005  2  1   0.0074504  -1.4140881  -1.70333
2005  2  2   0.5708417  -0.0412579  -0.1284322
2005  2  3   0.671552  -0.1951591  -0.1056057
2004  1  0   0.5335156  -1.2723237  -1.018367
2004  1  1   0.720291  -0.0007461   0.0760143
2004  1  2   0.7967532  -0.1518655   0.4951773
2004  1  3   0.8445722   0.2463044   0.4146698
2004  2  0   0.4380076  -0.3262206  -0.8275054
2004  2  1   0.5619678   0.0988487  -0.4905049
2004  2  2   0.7180758   0.548648   0.3254383
2004  2  3   0.7377948   0.26917   0.507979
2003  1  0   0.4430555  -0.3803688  -0.8408724
2003  1  1   0.657104   0.0102567   0.1380391
2003  1  2   0.7160833   0.1347444   0.179822
2003  1  3   0.7524553   0.364279   0.0567017
2003  2  0   0.0035373  -0.0121473  -2.4163204
2003  2  1   0.3468313  -0.0777224  -0.4549435
2003  2  2   0.6272794   0.1228094  -0.1792957
2003  2  3   0.6809778   0.2026844  -0.120649
2002  1  0   0.6725633  -0.5334871  -0.1663218
2002  1  1   0.774326   0.1816272   0.2200342
2002  1  2   0.8430561   0.4394056   0.5816251
2002  1  3   0.885923   0.4585304   0.6150452
2002  2  0   0.4202955  -1.1209677   0.1303899
2002  2  1   0.5940809   0.0937227   0.1250797
2002  2  2   0.7357217   0.4151596   0.4583582
2002  2  3   0.8027129   0.6198068   0.4969457
2001  1  0   0.6208295  -0.2457616  -0.16402
2001  1  1   0.7517428   0.0522881   0.4626953
2001  1  2   0.8168878   0.2617056   0.6322984
2001  1  3   0.8507325   0.3314078   0.4880337
2001  2  0   0.4064757  -0.1542473  -0.0323554
2001  2  1   0.6131701   0.1920291   0.4436438
2001  2  2   0.6700916   0.139843   0.4349166
2001  2  3   0.7567288   0.5507285   0.6215813
2000  1  0   0.6695842  -0.6389618  -0.3331483
2000  1  1   0.7338805   0.2103502   0.2577347
2000  1  2   0.8176939   0.4829821   0.1445301
2000  1  3   0.860146   0.6652569   0.657977
2000  2  0   0.3965323  -0.6892167  -0.8544778
2000  2  1   0.5705372   0.1207055  -0.7379603
2000  2  2   0.7087449   0.4419049  -0.0861796
2000  2  3   0.7493936   0.2136758  -0.0504369
1999  1  0   0.5343511  -0.5163697  -0.6024277
1999  1  1   0.6603576   0.0396718   0.2572951
1999  1  2   0.7680318   0.2279622   0.4116084
1999  1  3   0.8000663   0.527691   0.3670543
1999  2  0  -0.4531819  -0.8675214  -1.7465931
1999  2  1   0.0912805   0.392021  -0.0217405
1999  2  2   0.3894341   0.5094666   0.2845043
1999  2  3   0.5980213   0.775786   0.2491874
1998  1  0   0.5045388   0.1726107  -0.6425115
1998  1  1   0.7099514   0.55412   0.1991219
1998  1  2   0.7836156   0.5202284   0.4622984
1998  1  3   0.8459836   0.6829527   0.4121756
1998  2  0   0.4897417  -0.6564482  -1.2147201
1998  2  1   0.6638137  -0.5737572  -1.639994
1998  2  2   0.7817024   0.1365697  -0.3437912
1998  2  3   0.8206656   0.5312693  -0.2450106
1997  1  0   0.496297  -0.3138963  -0.2136574
1997  1  1   0.7056959   0.1442598   0.265735
1997  1  2   0.8027547   0.3621461   0.4026681
1997  1  3   0.8373327   0.4300789   0.3027101
1997  2  0  -0.1489733  -0.1961961  -1.3098914
1997  2  1   0.3701628   0.6082124  -0.494847
1997  2  2   0.5601672   0.6808054   0.1618902
1997  2  3   0.6825909   0.6573458   0.1160778
1996  1  0   0.5581712  -0.5678053  -5.0006915
1996  1  1   0.6778105   0.0401856  -1.2273556
1996  1  2   0.7469129   0.3432778  -2.2970833
1996  1  3   0.7916884   0.4564178  -0.6078391
1996  2  0   0.2266094  -0.448566  -1.3241745
1996  2  1   0.3250294  -0.4289703   0.0607675
1996  2  2   0.6485124   0.1884626  -0.2616884
1996  2  3   0.8081064   0.3916876   0.2821534
1995  1  0   0.5112563  -0.1100883  -0.7485921
1995  1  1   0.7233894   0.0390001  -0.2967694
1995  1  2   0.8247658   0.2154882   0.1673469
1995  1  3   0.8364527   0.4081722  -0.1652637
1995  2  0   0.4399773  -0.1854458  -3.8724939
1995  2  1   0.6472723   0.1945675  -0.8215095
1995  2  2   0.8084995   0.5772498  -0.5423494
1995  2  3   0.8191392   0.7037015  -0.2895053
1994  1  0   0.4928376  -0.207416  -0.773581
1994  1  1   0.662251   0.3474643   0.1375299
1994  1  2   0.7550241   0.566729   0.3742657
1994  1  3   0.8101655   0.4594127   0.3113667
1994  2  0  -0.0229683  -0.7792173  -1.0954064
1994  2  1   0.4557967   0.4430547   0.1934709
1994  2  2   0.6909716   0.6767195   0.4757763
1994  2  3   0.7226963   0.6602347   0.3833406
1993  1  0   0.5323353  -0.0849529  -0.5599869
1993  1  1   0.7205248   0.2513497   0.2468895
1993  1  2   0.7841335   0.3289047   0.3938745
1993  1  3   0.8368238   0.4533769   0.5409161
1993  2  0   0.2707198  -0.8222733  -0.4060616
1993  2  1   0.4666693   0.220836  -0.0547029
1993  2  2   0.6597117   0.0957585   0.2387977
1993  2  3   0.7833635   0.3354716   0.6878696
1992  1  0   0.5240189   0.2989815  -0.0189867
1992  1  1   0.7169631   0.4446709   0.4627619
1992  1  2   0.7872837   0.6331889   0.2088555
1992  1  3   0.8252559   0.6885056   0.3968046
1992  2  0   0.443913  -0.1937897  -2.6430815
1992  2  1   0.6544666  -0.8393029   0.2112887
1992  2  2   0.7740289   0.1737738   0.1291094
1992  2  3   0.8132715   0.3004556   0.3663682
1991  1  0   0.5984345  -0.1490842  -0.8845065
1991  1  1   0.7353988   0.18537  -0.081639
1991  1  2   0.7950907   0.4664021  -0.0070477
1991  1  3   0.8240974   0.4334129   0.4092275
1991  2  0   0.2277128  -0.6669223  -0.2663438
1991  2  1   0.4955985   0.375801  -0.1668614
1991  2  2   0.5975278   0.611982  -0.0148539
1991  2  3   0.7162376   0.51396   0.6019961
1990  1  0   0.6076468  -0.499958  -0.7267428
1990  1  1   0.759041   0.1509619   0.1601941
1990  1  2   0.8042051   0.1694679   0.2419818
1990  1  3   0.8445413   0.2961503   0.4935189
1990  2  0   0.3434657  -1.7599036  -0.8072753
1990  2  1   0.3663161   0.0291864  -0.5456874
1990  2  2   0.5896208   0.2659331   0.2832201
1990  2  3   0.6329165   0.2366863   0.0120615
1989  1  0   0.5778382  -0.523061  -0.3739918
1989  1  1   0.7018766  -0.0352176  -0.1107601
1989  1  2   0.7660485   0.1631452   0.2712111
1989  1  3   0.8007293   0.1518884   0.562761
1989  2  0  -0.0394613  -1.5406656  -2.3658815
1989  2  1   0.2382459   0.0432401  -0.4834339
1989  2  2   0.61717   0.4138579  -0.1058875
1989  2  3   0.7440516   0.5540995   0.3171082
1988  1  0   0.626221  -0.2590667  -0.8820177
1988  1  1   0.7339012   0.0127903   0.0044668
1988  1  2   0.8023641   0.4749848   0.0450684
1988  1  3   0.8302922   0.5138211   0.3292359
1988  2  0   0.3067091  -0.8128212  -1.0157941
1988  2  1   0.5598302  -0.4371644  -2.418268
1988  2  2   0.5278191   0.1281851  -1.200345
1988  2  3   0.7137911   0.5011444  -0.3050772
1987  1  0   0.5232215  -0.5199755  -2.4669052
1987  1  1   0.6915672  -0.1186697  -0.4974499
1987  1  2   0.731248   0.4569381  -0.2205853
1987  1  3   0.8088485   0.2504654  -0.1456664
1987  2  0  -0.3192397  -1.5576729  -2.4561751
1987  2  1   0.3221801   0.1187618   0.3836815
1987  2  2   0.5109908   0.545625   0.3969622
1987  2  3   0.6417868   0.6150202   0.0996271
1986  1  0   0.4490774  -0.4859904  -0.5865204
1986  1  1   0.5845484  -0.195466  -0.3974588
1986  1  2   0.6366445   0.0066635  -0.2089335
1986  1  3   0.6602823  -0.1889671   0.0568214
1986  2  0   0.2298596   0.2545746  -1.9284738
1986  2  1   0.484743   0.274777  -0.4850689
1986  2  2   0.564025   0.098198  -0.1246723
1986  2  3   0.7197416   0.47642   0.2377617
1985  1  0   0.4624869  -0.6888776  -0.7195677
1985  1  1   0.6700746  -0.3032273  -1.4072323
1985  1  2   0.7247588  -0.0316798  -0.2678598
1985  1  3   0.7757215   0.0886739   0.1869168
1985  2  0  -0.5500337  -0.4205334  -0.7600392
1985  2  1  -0.1964064   0.4182003  -0.157078
1985  2  2   0.0937695   0.6431552  -0.0747188
1985  2  3   0.6048481   0.5336117   0.0338958
1984  1  0   0.5158974  -0.211569  -0.7393869
1984  1  1   0.6850855   0.2577835  -0.2379584
1984  1  2   0.7247418   0.3267834  -0.0528703
1984  1  3   0.7863043   0.546481   0.0704409
1984  2  0   0.2776332  -0.101981  -1.2721802
1984  2  1   0.3290558   0.1325067  -0.2335841
1984  2  2   0.4369494   0.0057708  -0.4215359
1984  2  3   0.6958146   0.4907554   0.2448268
1983  1  0   0.6726994   0.2142462  -0.3873956
1983  1  1   0.8028455   0.6308441   0.3118287
1983  1  2   0.8507144   0.6829283   0.5899349
1983  1  3   0.8862685   0.7602773   0.6232728
1983  2  0   0.4216492  -1.096705  -0.4292979
1983  2  1   0.5902956  -0.2815076  -0.7980184
1983  2  2   0.7431164  -0.0360925   0.4349086
1983  2  3   0.7969538   0.3761319   0.5079795
1982  1  0   0.3865546  -0.1977571  -0.3112321
1982  1  1   0.6059294   0.2703087   0.3010876
1982  1  2   0.6774177   0.3398889   0.288397
1982  1  3   0.7897101   0.492816   0.2416769
1982  2  0  -0.1858571  -1.8627276  -0.8065355
1982  2  1   0.2287957   0.0614345   0.1993802
1982  2  2   0.4224582   0.5168657   0.5059107
1982  2  3   0.6117668   0.3994839   0.3095
1981  1  0   0.4237892  -0.5281309  -0.8381745
1981  1  1   0.6310814  -0.1942816   0.0265963
1981  1  2   0.707724  -0.018228   0.1965428
1981  1  3   0.7461961   0.2838229   0.1838592
1981  2  0  -0.4373131  -1.0433788  -1.6003437
1981  2  1   0.1022333  -0.0380361  -2.0897941
1981  2  2   0.4256322   0.4464471  -0.0721553
1981  2  3   0.6496236   0.3987527   0.1600423
1980  1  0   0.6124981  -0.1168482  -2.1607408
1980  1  1   0.7614422   0.2480834  -0.5299744
1980  1  2   0.8145248   0.450931  -0.3049008
1980  1  3   0.8400423   0.6544302  -0.0009703
1980  2  0   0.0891012  -0.8388815  -3.2413154
1980  2  1   0.4128587  -0.2153247  -1.0192477
1980  2  2   0.6459795  -0.0586935   0.2261704
1980  2  3   0.7740967   0.2105529   0.0820944
1979  1  0   0.352285  -1.3692057  -0.4832127
1979  1  1   0.6008653  -0.3800732   0.1720828
1979  1  2   0.5988209  -0.0240438   0.3039657
1979  1  3   0.748753  -0.3948796   0.4789203
1979  2  0   0.4016855   0.2132689  -0.5997818
1979  2  1   0.7179477   0.578523  -0.4194176
1979  2  2   0.6851579   0.264938   0.460285
1979  2  3   0.8530919   0.603302   0.6595199
